4.020101000000000204e+04,6.947131799999999930e+04,5.088607594999999719e+02,1.000000000000000000e+00
4.020101000000000204e+04,6.947131799999999930e+04,4.177215189999999438e+02,2.000000000000000000e+00
4.020101000000000204e+04,6.947131799999999930e+04,3.164556961999999771e+02,3.000000000000000000e+00
4.020101000000000204e+04,6.947131799999999930e+04,2.151898734000000104e+02,4.000000000000000000e+00
4.020101000000000204e+04,6.947131799999999930e+04,1.037974683999999996e+02,4.000000000000000000e+00
4.020101000000000204e+04,6.947131799999999930e+04,-5.822784809999998856e+01,6.000000000000000000e+00
4.020101000000000204e+04,6.947131799999999930e+04,-1.696202532000000076e+02,6.000000000000000000e+00
4.061524399999999878e+04,7.062385000000000582e+04,-1.999999999999999716e+02,7.000000000000000000e+00
4.061524399999999878e+04,7.062385000000000582e+04,-1.794869999999999948e+02,7.000000000000000000e+00
4.061524399999999878e+04,7.062385000000000582e+04,-1.589739999999999895e+02,7.000000000000000000e+00
4.061524399999999878e+04,7.062385000000000582e+04,-1.384619999999999891e+02,7.000000000000000000e+00
4.061524399999999878e+04,7.062385000000000582e+04,-1.179489999999999839e+02,6.000000000000000000e+00
4.061524399999999878e+04,7.062385000000000582e+04,-9.743599999999997863e+01,6.000000000000000000e+00
4.061524399999999878e+04,7.062385000000000582e+04,-7.692300000000000182e+01,6.000000000000000000e+00
4.061524399999999878e+04,7.062385000000000582e+04,-5.640999999999999659e+01,6.000000000000000000e+00
4.061524399999999878e+04,7.062385000000000582e+04,-3.589699999999997715e+01,6.000000000000000000e+00
4.061524399999999878e+04,7.062385000000000582e+04,-1.538500000000000512e+01,6.000000000000000000e+00
4.061524399999999878e+04,7.062385000000000582e+04,5.128000000000000114e+00,6.000000000000000000e+00
4.061524399999999878e+04,7.062385000000000582e+04,2.564099999999999824e+01,5.000000000000000000e+00
4.061524399999999878e+04,7.062385000000000582e+04,4.615400000000000347e+01,5.000000000000000000e+00
4.061524399999999878e+04,7.062385000000000582e+04,6.666700000000000159e+01,5.000000000000000000e+00
4.061524399999999878e+04,7.062385000000000582e+04,8.717900000000000205e+01,5.000000000000000000e+00
4.061524399999999878e+04,7.062385000000000582e+04,1.076919999999999931e+02,5.000000000000000000e+00
4.061524399999999878e+04,7.062385000000000582e+04,1.282050000000000125e+02,5.000000000000000000e+00
4.061524399999999878e+04,7.062385000000000582e+04,1.487179999999999893e+02,5.000000000000000000e+00
4.061524399999999878e+04,7.062385000000000582e+04,1.692309999999999945e+02,4.000000000000000000e+00
4.061524399999999878e+04,7.062385000000000582e+04,1.897439999999999998e+02,4.000000000000000000e+00
4.061524399999999878e+04,7.062385000000000582e+04,2.102560000000000002e+02,4.000000000000000000e+00
4.061524399999999878e+04,7.062385000000000582e+04,2.307690000000000055e+02,4.000000000000000000e+00
4.061524399999999878e+04,7.062385000000000582e+04,2.512820000000000107e+02,3.000000000000000000e+00
4.061524399999999878e+04,7.062385000000000582e+04,2.717950000000000159e+02,3.000000000000000000e+00
4.061524399999999878e+04,7.062385000000000582e+04,2.923079999999999927e+02,3.000000000000000000e+00
4.061524399999999878e+04,7.062385000000000582e+04,3.128210000000000264e+02,3.000000000000000000e+00
4.061524399999999878e+04,7.062385000000000582e+04,3.333330000000000268e+02,2.000000000000000000e+00
4.061524399999999878e+04,7.062385000000000582e+04,3.538460000000000036e+02,2.000000000000000000e+00
4.061524399999999878e+04,7.062385000000000582e+04,3.743589999999999236e+02,2.000000000000000000e+00
4.061524399999999878e+04,7.062385000000000582e+04,3.948719999999999573e+02,2.000000000000000000e+00
4.061524399999999878e+04,7.062385000000000582e+04,4.153849999999999909e+02,2.000000000000000000e+00
4.061524399999999878e+04,7.062385000000000582e+04,4.358970000000000482e+02,1.000000000000000000e+00
4.061524399999999878e+04,7.062385000000000582e+04,4.564099999999999682e+02,1.000000000000000000e+00
4.061524399999999878e+04,7.062385000000000582e+04,4.769230000000001155e+02,1.000000000000000000e+00
4.061524399999999878e+04,7.062385000000000582e+04,4.974360000000000355e+02,1.000000000000000000e+00
4.061524399999999878e+04,7.065397199999999430e+04,-1.999999999999999716e+02,7.000000000000000000e+00
4.061524399999999878e+04,7.065397199999999430e+04,-1.794869999999999948e+02,7.000000000000000000e+00
4.061524399999999878e+04,7.065397199999999430e+04,-1.589739999999999895e+02,7.000000000000000000e+00
4.061524399999999878e+04,7.065397199999999430e+04,-1.384619999999999891e+02,6.000000000000000000e+00
4.061524399999999878e+04,7.065397199999999430e+04,-1.179489999999999839e+02,6.000000000000000000e+00
4.061524399999999878e+04,7.065397199999999430e+04,-9.743599999999997863e+01,6.000000000000000000e+00
4.061524399999999878e+04,7.065397199999999430e+04,-7.692300000000000182e+01,6.000000000000000000e+00
4.061524399999999878e+04,7.065397199999999430e+04,-5.640999999999999659e+01,6.000000000000000000e+00
4.061524399999999878e+04,7.065397199999999430e+04,-3.589699999999997715e+01,6.000000000000000000e+00
4.061524399999999878e+04,7.065397199999999430e+04,-1.538500000000000512e+01,6.000000000000000000e+00
4.061524399999999878e+04,7.065397199999999430e+04,5.128000000000000114e+00,6.000000000000000000e+00
4.061524399999999878e+04,7.065397199999999430e+04,2.564099999999999824e+01,5.000000000000000000e+00
4.061524399999999878e+04,7.065397199999999430e+04,4.615400000000000347e+01,5.000000000000000000e+00
4.061524399999999878e+04,7.065397199999999430e+04,6.666700000000000159e+01,5.000000000000000000e+00
4.061524399999999878e+04,7.065397199999999430e+04,8.717900000000000205e+01,5.000000000000000000e+00
4.061524399999999878e+04,7.065397199999999430e+04,1.076919999999999931e+02,5.000000000000000000e+00
4.061524399999999878e+04,7.065397199999999430e+04,1.282050000000000125e+02,5.000000000000000000e+00
4.061524399999999878e+04,7.065397199999999430e+04,1.487179999999999893e+02,5.000000000000000000e+00
4.061524399999999878e+04,7.065397199999999430e+04,1.692309999999999945e+02,4.000000000000000000e+00
4.061524399999999878e+04,7.065397199999999430e+04,1.897439999999999998e+02,4.000000000000000000e+00
4.061524399999999878e+04,7.065397199999999430e+04,2.102560000000000002e+02,4.000000000000000000e+00
4.061524399999999878e+04,7.065397199999999430e+04,2.307690000000000055e+02,4.000000000000000000e+00
4.061524399999999878e+04,7.065397199999999430e+04,2.512820000000000107e+02,3.000000000000000000e+00
4.061524399999999878e+04,7.065397199999999430e+04,2.717950000000000159e+02,3.000000000000000000e+00
4.061524399999999878e+04,7.065397199999999430e+04,2.923079999999999927e+02,3.000000000000000000e+00
4.061524399999999878e+04,7.065397199999999430e+04,3.128210000000000264e+02,3.000000000000000000e+00
4.061524399999999878e+04,7.065397199999999430e+04,3.333330000000000268e+02,2.000000000000000000e+00
4.061524399999999878e+04,7.065397199999999430e+04,3.538460000000000036e+02,2.000000000000000000e+00
4.061524399999999878e+04,7.065397199999999430e+04,3.743589999999999236e+02,2.000000000000000000e+00
4.061524399999999878e+04,7.065397199999999430e+04,3.948719999999999573e+02,2.000000000000000000e+00
4.061524399999999878e+04,7.065397199999999430e+04,4.153849999999999909e+02,2.000000000000000000e+00
4.061524399999999878e+04,7.065397199999999430e+04,4.358970000000000482e+02,1.000000000000000000e+00
4.061524399999999878e+04,7.065397199999999430e+04,4.564099999999999682e+02,1.000000000000000000e+00
4.061524399999999878e+04,7.065397199999999430e+04,4.769230000000001155e+02,1.000000000000000000e+00
4.061524399999999878e+04,7.065397199999999430e+04,4.974360000000000355e+02,1.000000000000000000e+00
4.064502199999999721e+04,7.068409399999999732e+04,-1.999999999999999716e+02,7.000000000000000000e+00
4.064502199999999721e+04,7.068409399999999732e+04,-1.794869999999999948e+02,7.000000000000000000e+00
4.064502199999999721e+04,7.068409399999999732e+04,-1.589739999999999895e+02,7.000000000000000000e+00
4.064502199999999721e+04,7.068409399999999732e+04,-1.384619999999999891e+02,6.000000000000000000e+00
4.064502199999999721e+04,7.068409399999999732e+04,-1.179489999999999839e+02,6.000000000000000000e+00
4.064502199999999721e+04,7.068409399999999732e+04,-9.743599999999997863e+01,6.000000000000000000e+00
4.064502199999999721e+04,7.068409399999999732e+04,-7.692300000000000182e+01,6.000000000000000000e+00
4.064502199999999721e+04,7.068409399999999732e+04,-5.640999999999999659e+01,6.000000000000000000e+00
4.064502199999999721e+04,7.068409399999999732e+04,-3.589699999999997715e+01,6.000000000000000000e+00
4.064502199999999721e+04,7.068409399999999732e+04,-1.538500000000000512e+01,6.000000000000000000e+00
4.064502199999999721e+04,7.068409399999999732e+04,5.128000000000000114e+00,5.000000000000000000e+00
4.064502199999999721e+04,7.068409399999999732e+04,2.564099999999999824e+01,5.000000000000000000e+00
4.064502199999999721e+04,7.068409399999999732e+04,4.615400000000000347e+01,5.000000000000000000e+00
4.064502199999999721e+04,7.068409399999999732e+04,6.666700000000000159e+01,5.000000000000000000e+00
4.064502199999999721e+04,7.068409399999999732e+04,8.717900000000000205e+01,5.000000000000000000e+00
4.064502199999999721e+04,7.068409399999999732e+04,1.076919999999999931e+02,5.000000000000000000e+00
4.064502199999999721e+04,7.068409399999999732e+04,1.282050000000000125e+02,5.000000000000000000e+00
4.064502199999999721e+04,7.068409399999999732e+04,1.487179999999999893e+02,4.000000000000000000e+00
4.064502199999999721e+04,7.068409399999999732e+04,1.692309999999999945e+02,4.000000000000000000e+00
4.064502199999999721e+04,7.068409399999999732e+04,1.897439999999999998e+02,4.000000000000000000e+00
4.064502199999999721e+04,7.068409399999999732e+04,2.102560000000000002e+02,4.000000000000000000e+00
4.064502199999999721e+04,7.068409399999999732e+04,2.307690000000000055e+02,3.000000000000000000e+00
4.064502199999999721e+04,7.068409399999999732e+04,2.512820000000000107e+02,3.000000000000000000e+00
4.064502199999999721e+04,7.068409399999999732e+04,2.717950000000000159e+02,3.000000000000000000e+00
4.064502199999999721e+04,7.068409399999999732e+04,2.923079999999999927e+02,3.000000000000000000e+00
4.064502199999999721e+04,7.068409399999999732e+04,3.128210000000000264e+02,2.000000000000000000e+00
4.064502199999999721e+04,7.068409399999999732e+04,3.333330000000000268e+02,2.000000000000000000e+00
4.064502199999999721e+04,7.068409399999999732e+04,3.538460000000000036e+02,2.000000000000000000e+00
4.064502199999999721e+04,7.068409399999999732e+04,3.743589999999999236e+02,2.000000000000000000e+00
4.064502199999999721e+04,7.068409399999999732e+04,3.948719999999999573e+02,2.000000000000000000e+00
4.064502199999999721e+04,7.068409399999999732e+04,4.153849999999999909e+02,1.000000000000000000e+00
4.064502199999999721e+04,7.068409399999999732e+04,4.358970000000000482e+02,1.000000000000000000e+00
4.064502199999999721e+04,7.068409399999999732e+04,4.564099999999999682e+02,1.000000000000000000e+00
4.064502199999999721e+04,7.068409399999999732e+04,4.769230000000001155e+02,1.000000000000000000e+00
4.064502199999999721e+04,7.068409399999999732e+04,4.974360000000000355e+02,1.000000000000000000e+00
4.064502199999999721e+04,7.071421499999999651e+04,-1.999999999999999716e+02,7.000000000000000000e+00
4.064502199999999721e+04,7.071421499999999651e+04,-1.794869999999999948e+02,7.000000000000000000e+00
4.064502199999999721e+04,7.071421499999999651e+04,-1.589739999999999895e+02,6.000000000000000000e+00
4.064502199999999721e+04,7.071421499999999651e+04,-1.384619999999999891e+02,6.000000000000000000e+00
4.064502199999999721e+04,7.071421499999999651e+04,-1.179489999999999839e+02,6.000000000000000000e+00
4.064502199999999721e+04,7.071421499999999651e+04,-9.743599999999997863e+01,6.000000000000000000e+00
4.064502199999999721e+04,7.071421499999999651e+04,-7.692300000000000182e+01,6.000000000000000000e+00
4.064502199999999721e+04,7.071421499999999651e+04,-5.640999999999999659e+01,6.000000000000000000e+00
4.064502199999999721e+04,7.071421499999999651e+04,-3.589699999999997715e+01,6.000000000000000000e+00
4.064502199999999721e+04,7.071421499999999651e+04,-1.538500000000000512e+01,6.000000000000000000e+00
4.064502199999999721e+04,7.071421499999999651e+04,5.128000000000000114e+00,5.000000000000000000e+00
4.064502199999999721e+04,7.071421499999999651e+04,2.564099999999999824e+01,5.000000000000000000e+00
4.064502199999999721e+04,7.071421499999999651e+04,4.615400000000000347e+01,5.000000000000000000e+00
4.064502199999999721e+04,7.071421499999999651e+04,6.666700000000000159e+01,5.000000000000000000e+00
4.064502199999999721e+04,7.071421499999999651e+04,8.717900000000000205e+01,5.000000000000000000e+00
4.064502199999999721e+04,7.071421499999999651e+04,1.076919999999999931e+02,5.000000000000000000e+00
4.064502199999999721e+04,7.071421499999999651e+04,1.282050000000000125e+02,5.000000000000000000e+00
4.064502199999999721e+04,7.071421499999999651e+04,1.487179999999999893e+02,4.000000000000000000e+00
4.064502199999999721e+04,7.071421499999999651e+04,1.692309999999999945e+02,4.000000000000000000e+00
4.064502199999999721e+04,7.071421499999999651e+04,1.897439999999999998e+02,4.000000000000000000e+00
4.064502199999999721e+04,7.071421499999999651e+04,2.102560000000000002e+02,4.000000000000000000e+00
4.064502199999999721e+04,7.071421499999999651e+04,2.307690000000000055e+02,3.000000000000000000e+00
4.064502199999999721e+04,7.071421499999999651e+04,2.512820000000000107e+02,3.000000000000000000e+00
4.064502199999999721e+04,7.071421499999999651e+04,2.717950000000000159e+02,3.000000000000000000e+00
4.064502199999999721e+04,7.071421499999999651e+04,2.923079999999999927e+02,3.000000000000000000e+00
4.064502199999999721e+04,7.071421499999999651e+04,3.128210000000000264e+02,2.000000000000000000e+00
4.064502199999999721e+04,7.071421499999999651e+04,3.333330000000000268e+02,2.000000000000000000e+00
4.064502199999999721e+04,7.071421499999999651e+04,3.538460000000000036e+02,2.000000000000000000e+00
4.064502199999999721e+04,7.071421499999999651e+04,3.743589999999999236e+02,2.000000000000000000e+00
4.064502199999999721e+04,7.071421499999999651e+04,3.948719999999999573e+02,2.000000000000000000e+00
4.064502199999999721e+04,7.071421499999999651e+04,4.153849999999999909e+02,1.000000000000000000e+00
4.064502199999999721e+04,7.071421499999999651e+04,4.358970000000000482e+02,1.000000000000000000e+00
4.064502199999999721e+04,7.071421499999999651e+04,4.564099999999999682e+02,1.000000000000000000e+00
4.064502199999999721e+04,7.071421499999999651e+04,4.769230000000001155e+02,1.000000000000000000e+00
4.064502199999999721e+04,7.071421499999999651e+04,4.974360000000000355e+02,1.000000000000000000e+00
4.064502199999999721e+04,7.074433699999999953e+04,-1.999999999999999716e+02,7.000000000000000000e+00
4.064502199999999721e+04,7.074433699999999953e+04,-1.794869999999999948e+02,7.000000000000000000e+00
4.064502199999999721e+04,7.074433699999999953e+04,-1.589739999999999895e+02,6.000000000000000000e+00
4.064502199999999721e+04,7.074433699999999953e+04,-1.384619999999999891e+02,6.000000000000000000e+00
4.064502199999999721e+04,7.074433699999999953e+04,-1.179489999999999839e+02,6.000000000000000000e+00
4.064502199999999721e+04,7.074433699999999953e+04,-9.743599999999997863e+01,6.000000000000000000e+00
4.064502199999999721e+04,7.074433699999999953e+04,-7.692300000000000182e+01,6.000000000000000000e+00
4.064502199999999721e+04,7.074433699999999953e+04,-5.640999999999999659e+01,6.000000000000000000e+00
4.064502199999999721e+04,7.074433699999999953e+04,-3.589699999999997715e+01,6.000000000000000000e+00
4.064502199999999721e+04,7.074433699999999953e+04,-1.538500000000000512e+01,6.000000000000000000e+00
4.064502199999999721e+04,7.074433699999999953e+04,5.128000000000000114e+00,5.000000000000000000e+00
4.064502199999999721e+04,7.074433699999999953e+04,2.564099999999999824e+01,5.000000000000000000e+00
4.064502199999999721e+04,7.074433699999999953e+04,4.615400000000000347e+01,5.000000000000000000e+00
4.064502199999999721e+04,7.074433699999999953e+04,6.666700000000000159e+01,5.000000000000000000e+00
4.064502199999999721e+04,7.074433699999999953e+04,8.717900000000000205e+01,5.000000000000000000e+00
4.064502199999999721e+04,7.074433699999999953e+04,1.076919999999999931e+02,5.000000000000000000e+00
4.064502199999999721e+04,7.074433699999999953e+04,1.282050000000000125e+02,5.000000000000000000e+00
4.064502199999999721e+04,7.074433699999999953e+04,1.487179999999999893e+02,4.000000000000000000e+00
4.064502199999999721e+04,7.074433699999999953e+04,1.692309999999999945e+02,4.000000000000000000e+00
4.064502199999999721e+04,7.074433699999999953e+04,1.897439999999999998e+02,4.000000000000000000e+00
4.064502199999999721e+04,7.074433699999999953e+04,2.102560000000000002e+02,4.000000000000000000e+00
4.064502199999999721e+04,7.074433699999999953e+04,2.307690000000000055e+02,3.000000000000000000e+00
4.064502199999999721e+04,7.074433699999999953e+04,2.512820000000000107e+02,3.000000000000000000e+00
4.064502199999999721e+04,7.074433699999999953e+04,2.717950000000000159e+02,3.000000000000000000e+00
4.064502199999999721e+04,7.074433699999999953e+04,2.923079999999999927e+02,3.000000000000000000e+00
4.064502199999999721e+04,7.074433699999999953e+04,3.128210000000000264e+02,2.000000000000000000e+00
4.064502199999999721e+04,7.074433699999999953e+04,3.333330000000000268e+02,2.000000000000000000e+00
4.064502199999999721e+04,7.074433699999999953e+04,3.538460000000000036e+02,2.000000000000000000e+00
4.064502199999999721e+04,7.074433699999999953e+04,3.743589999999999236e+02,2.000000000000000000e+00
4.064502199999999721e+04,7.074433699999999953e+04,3.948719999999999573e+02,2.000000000000000000e+00
4.064502199999999721e+04,7.074433699999999953e+04,4.153849999999999909e+02,1.000000000000000000e+00
4.064502199999999721e+04,7.074433699999999953e+04,4.358970000000000482e+02,1.000000000000000000e+00
4.064502199999999721e+04,7.074433699999999953e+04,4.564099999999999682e+02,1.000000000000000000e+00
4.064502199999999721e+04,7.074433699999999953e+04,4.769230000000001155e+02,1.000000000000000000e+00
4.064502199999999721e+04,7.074433699999999953e+04,4.974360000000000355e+02,1.000000000000000000e+00
4.067480099999999948e+04,7.086482300000000396e+04,-1.999999999999999716e+02,6.000000000000000000e+00
4.067480099999999948e+04,7.086482300000000396e+04,-1.794869999999999948e+02,6.000000000000000000e+00
4.067480099999999948e+04,7.086482300000000396e+04,-1.589739999999999895e+02,6.000000000000000000e+00
4.067480099999999948e+04,7.086482300000000396e+04,-1.384619999999999891e+02,6.000000000000000000e+00
4.067480099999999948e+04,7.086482300000000396e+04,-1.179489999999999839e+02,6.000000000000000000e+00
4.067480099999999948e+04,7.086482300000000396e+04,-9.743599999999997863e+01,6.000000000000000000e+00
4.067480099999999948e+04,7.086482300000000396e+04,-7.692300000000000182e+01,6.000000000000000000e+00
4.067480099999999948e+04,7.086482300000000396e+04,-5.640999999999999659e+01,6.000000000000000000e+00
4.067480099999999948e+04,7.086482300000000396e+04,-3.589699999999997715e+01,6.000000000000000000e+00
4.067480099999999948e+04,7.086482300000000396e+04,-1.538500000000000512e+01,5.000000000000000000e+00
4.067480099999999948e+04,7.086482300000000396e+04,5.128000000000000114e+00,5.000000000000000000e+00
4.067480099999999948e+04,7.086482300000000396e+04,2.564099999999999824e+01,5.000000000000000000e+00
4.067480099999999948e+04,7.086482300000000396e+04,4.615400000000000347e+01,5.000000000000000000e+00
4.067480099999999948e+04,7.086482300000000396e+04,6.666700000000000159e+01,5.000000000000000000e+00
4.067480099999999948e+04,7.086482300000000396e+04,8.717900000000000205e+01,5.000000000000000000e+00
4.067480099999999948e+04,7.086482300000000396e+04,1.076919999999999931e+02,4.000000000000000000e+00
4.067480099999999948e+04,7.086482300000000396e+04,1.282050000000000125e+02,4.000000000000000000e+00
4.067480099999999948e+04,7.086482300000000396e+04,1.487179999999999893e+02,4.000000000000000000e+00
4.067480099999999948e+04,7.086482300000000396e+04,1.692309999999999945e+02,4.000000000000000000e+00
4.067480099999999948e+04,7.086482300000000396e+04,1.897439999999999998e+02,4.000000000000000000e+00
4.067480099999999948e+04,7.086482300000000396e+04,2.102560000000000002e+02,3.000000000000000000e+00
4.067480099999999948e+04,7.086482300000000396e+04,2.307690000000000055e+02,3.000000000000000000e+00
4.067480099999999948e+04,7.086482300000000396e+04,2.512820000000000107e+02,3.000000000000000000e+00
4.067480099999999948e+04,7.086482300000000396e+04,2.717950000000000159e+02,3.000000000000000000e+00
4.067480099999999948e+04,7.086482300000000396e+04,2.923079999999999927e+02,2.000000000000000000e+00
4.067480099999999948e+04,7.086482300000000396e+04,3.128210000000000264e+02,2.000000000000000000e+00
4.067480099999999948e+04,7.086482300000000396e+04,3.333330000000000268e+02,2.000000000000000000e+00
4.067480099999999948e+04,7.086482300000000396e+04,3.538460000000000036e+02,2.000000000000000000e+00
4.067480099999999948e+04,7.086482300000000396e+04,3.743589999999999236e+02,2.000000000000000000e+00
4.067480099999999948e+04,7.086482300000000396e+04,3.948719999999999573e+02,1.000000000000000000e+00
4.067480099999999948e+04,7.086482300000000396e+04,4.153849999999999909e+02,1.000000000000000000e+00
4.067480099999999948e+04,7.086482300000000396e+04,4.358970000000000482e+02,1.000000000000000000e+00
4.067480099999999948e+04,7.086482300000000396e+04,4.564099999999999682e+02,1.000000000000000000e+00
4.067480099999999948e+04,7.086482300000000396e+04,4.769230000000001155e+02,1.000000000000000000e+00
4.067480099999999948e+04,7.086482300000000396e+04,4.974360000000000355e+02,1.000000000000000000e+00
4.067480099999999948e+04,7.086482300000000396e+04,5.179489999999999554e+02,1.000000000000000000e+00
